Prefix
43112
43122
43128
43133
43140
43141
43142
43144
43147
43116
32100
32101
32103
32107
32110
32112
32116
359112
359116
359150
359160
359166
385112
385116
385192
385193
385194
385195
3851987
357112
357116
420112
420116
42012
42013
42014
42015
45112
45116
372110
372112
372116
358112
358116
3311
33112
33116
3315
3317
3318
3319
49110
49112
49115
49116
30100
30108
30112
30116
30166
30199
36104
36105
36107
36112
36116
354112
354116
353112
353116
353999
39112
39113
39114
39115
39116
39117
39118
391500
391515
391518
391522
391525
391530
391533
391544
3919696
371110
371112
371113
371114
371116
370112
370116
352112
352113
352116
356112
356116
31112
31116
3114
47110
47112
47113
47116
48112
48116
48984
48985
48986
48987
48991
48992
48993
48994
48995
48996
48997
48998
48999
351112
351115
351116
351117
351144
4011
40112
40116
42111
42115
42118
386112
386113
386116
46112
4611414
46116
44105
44111
44112
44116
44999
423112
4231145
423117
423118
423143
423144
423145
423147
