Prefix
43711
43718
43780
43804
43810
43820
43821
43828
43900
43901
43930
43931
43939
3270
3290
359700
35990
38560
38561
38564
38565
38569
38572
38574
38575
3577
35780
35790
420700
420701
42081
42082
42083
42084
420900
420905
420906
420908
420909
4590
372700
372701
372702
372705
372900
358100
358200
3582020
3582022
3582023
3582098
3582099
358300
358600
358601
358602
358606
358700
358707
358708
3587099
358752001
358752002
3380
3381
3382
3383
3384
3386
3388
3389
49180
49700
499001
499003
499005
499009
30801
30806
30807
30812
30825
30901
30909
3690
3691
354801
354802
354803
354804
354805
354806
354807
354808
354809
354900
354901
354902
354903
354904
354905
354906
354907
354908
3531850
3531890
3531512
3531513
3531514
3531515
3531516
3531517
3531518
3531520
3531530
3531540
3531550
3531560
3531570
3531580
3531590
3531598
3531599
39455
39840
39841
39847
39848
3989111
39892
39894
39895
39899
37181
37190
370808
370900
370902
370903
370909
370910
352801
352900
352901
352905
3565
3188
31900
31906
31909
47800
47810
4781007
478101
47812
47813
47815
47820
47822
47829
47850
47851
47852
47853
47854
47855
47878
47879
47880
4870
48801
3516
3517
3518
40801
40803
40805
40808
409
421806
421807
421808
421809
42185
42186
42187
42188
42189
421900
42197
42198
38688
38689
38690
4674
4675
4677
46900
46939
46944
4699
44843
44844
44845
44870
44871
44872
44873
4490
4491
4498
