43118
3212
3213
3214
359118
385118
35711
35712
35713
35715
35719
35710
35714
35716
35718
35717
357118
420118
42016
420199
4511
4512
45118
4518
3721
37211
372118
358118
333
3310
33118
49118
30118
354118
35414
3541404
35417
35418
353118
3531191
3535
3912
39186
37111
37112
37113
37114
37115
37117
37116
37118
37183
37184
37185
37186
37187
37188
37189
37182
371118
3711184
37011
370117
370118
370119
37013
37014
37015
37016
37018
37019
352118
35212
35213
3561
356118
356115
3112
3118
471
4718
48118
351118
35116
35118
40118
4012
4014
4015
4083
4084
4088
4096
4097
4098
4099
42112
42113
38611
38619
46118
4690
44100
44101
44118
44123
423150
4231811
4231818
